Error: 5.3e-19
Tail:  [(4.4e-17,-7.3e-17) (1,-7.3e-16) (4.7e-11,-8e-11) (-4.6e-09,-5.5e-10) (1.6e-05,-2.8e-05) (0.00014,-0.00011) (1.8,-2.1) ]