A = [2.05227e-289,3.37476e-319,1.40818e-315,7.21765e-67,2.05227e-289,3.3757e-319,1.40818e-315,4.73016e-62,2.05227e-289,3.37664e-319,1.40818e-315,3.09996e-57,2.05227e-289,3.37758e-319,1.40819e-315,2.03159e-52,2.05227e-289,3.37852e-319,1.40819e-315,1.33142e-47]
A = [2,2,2,2,2,2,2,2,2,2,2,2,2,2,2,2,2,2,2,2]
A = [2,2,2,2,5,2,2,2,2,2,2,2,2,2,2,2,2,2,2,2]
