A = [-2.68156e+154,-2.68156e+154,7.90505e-323,0,0,0,0,0,0,0,0,0,0,0,0,0,0,0,0,0]
A = [2,2,2,2,2,2,2,2,2,2,2,2,2,2,2,2,2,2,2,2]
A = [2,2,2,2,5,2,2,2,2,2,2,2,2,2,2,2,2,2,2,2]
